2 0.236339 0.329582 0.037568 0.045016
8 0.322917 0.441050 0.036544 0.043944
5 0.225581 0.545820 0.087090 0.093783
5 0.329747 0.532154 0.047473 0.066452
1 0.418033 0.434352 0.060109 0.049839
1 0.414105 0.534298 0.037910 0.042872
1 0.479167 0.531083 0.080601 0.054662
3 0.412568 0.252412 0.036885 0.047160
4 0.542179 0.533762 0.035178 0.034298
7 0.482070 0.157020 0.024932 0.043944
7 0.478825 0.330654 0.027322 0.047160
7 0.554986 0.284298 0.034153 0.062701
8 0.584529 0.349143 0.039276 0.035906
7 0.669570 0.537513 0.037227 0.083601
5 0.554986 0.221597 0.046448 0.050911
5 0.640369 0.278939 0.045082 0.045552
7 0.668545 0.104234 0.029030 0.048767
5 0.665984 0.175777 0.045082 0.042872
3 0.704747 0.274116 0.029030 0.039121
0 0.693989 0.360932 0.043716 0.061629
6 0.778176 0.356913 0.026981 0.063237
6 0.773395 0.528403 0.023566 0.047160
2 0.775102 0.410236 0.039276 0.038049
4 0.858265 0.355038 0.054645 0.036977
5 0.928279 0.400322 0.064208 0.056806
7 0.844433 0.217578 0.016735 0.048232
7 0.849556 0.284834 0.026981 0.049839
5 0.777493 0.248660 0.061817 0.055734
