2 0.236851 0.331190 0.047473 0.055734
8 0.323941 0.446141 0.044740 0.049839
5 0.222507 0.545016 0.101434 0.095391
5 0.330430 0.537513 0.048839 0.067524
5 0.556011 0.221061 0.045082 0.051983
5 0.660690 0.112272 0.052937 0.051983
5 0.776639 0.250804 0.062158 0.066452
5 0.641393 0.282958 0.045765 0.050375
5 0.929645 0.397106 0.062842 0.073955
5 0.329577 0.536977 0.046448 0.069668
3 0.411885 0.255359 0.038251 0.048767
7 0.480020 0.160772 0.026981 0.054662
7 0.554816 0.282690 0.025615 0.062701
7 0.670253 0.527867 0.020833 0.046088
7 0.843067 0.504555 0.024932 0.049839
8 0.584870 0.346999 0.038593 0.043408
8 0.599214 0.527867 0.041325 0.039657
3 0.703893 0.274384 0.028005 0.042872
0 0.690915 0.360129 0.049863 0.050375
4 0.855362 0.354234 0.043374 0.032154
6 0.773224 0.526259 0.019809 0.058950
6 0.778518 0.355038 0.025615 0.059486
2 0.776298 0.411844 0.036202 0.041265
1 0.479508 0.531083 0.068989 0.051447
1 0.418716 0.536977 0.029372 0.034298
1 0.416496 0.430868 0.061134 0.047160
4 0.539105 0.535102 0.029030 0.034834
