1 0.221482 0.324759 0.054986 0.046088
1 0.184597 0.529475 0.075478 0.052519
1 0.456626 0.083601 0.052596 0.017149
1 0.606387 0.263934 0.059768 0.038049
1 0.478142 0.266881 0.042350 0.034298
1 0.429986 0.461147 0.023907 0.026259
1 0.359460 0.435423 0.032445 0.016613
1 0.373805 0.540193 0.037910 0.047160
0 0.247780 0.527599 0.031079 0.042337
0 0.326332 0.531350 0.037910 0.048767
0 0.460212 0.539121 0.059768 0.067524
0 0.838798 0.538049 0.056011 0.063237
0 0.725922 0.407288 0.042691 0.053591
2 0.398736 0.149518 0.027664 0.032154
2 0.327869 0.395498 0.027322 0.036442
3 0.277664 0.338424 0.023907 0.023044
3 0.477801 0.444266 0.019126 0.030011
7 0.591701 0.525188 0.022199 0.049303
8 0.672985 0.530279 0.039276 0.042337
5 0.675376 0.345391 0.039276 0.045552
5 0.597165 0.346195 0.022883 0.033226
5 0.536714 0.243569 0.039959 0.044480
3 0.440915 0.212219 0.025273 0.025723
4 0.603142 0.169346 0.040301 0.026795
7 0.852630 0.177921 0.025615 0.058950
3 0.589310 0.310289 0.015369 0.019293
7 0.734973 0.307878 0.013661 0.027331
3 0.634051 0.346463 0.011954 0.027331
1 0.537568 0.278671 0.025956 0.015005
