4 0.212077 0.508854 0.026367 0.023958
4 0.268717 0.539323 0.029622 0.022396
4 0.379883 0.537760 0.024740 0.019271
4 0.434082 0.395833 0.019206 0.014583
4 0.478353 0.382812 0.013346 0.013542
6 0.313802 0.416667 0.007812 0.016667
0 0.249349 0.486979 0.018229 0.018750
3 0.328939 0.532292 0.013997 0.020833
6 0.448730 0.534635 0.013346 0.039062
6 0.530924 0.534115 0.014323 0.038021
8 0.462891 0.444010 0.016927 0.020313
5 0.459635 0.403385 0.012370 0.020313
3 0.418132 0.355729 0.012044 0.016667
3 0.375326 0.348177 0.010417 0.014063
8 0.437826 0.311979 0.013672 0.018750
1 0.514323 0.265365 0.025391 0.019271
3 0.526855 0.467187 0.015951 0.022917
8 0.496745 0.531510 0.011068 0.020313
7 0.411458 0.467187 0.009115 0.016667
0 0.590495 0.532031 0.019531 0.021354
3 0.562826 0.325521 0.016927 0.017708
6 0.563477 0.398177 0.014323 0.025521
1 0.495443 0.410417 0.023438 0.022917
3 0.470378 0.343229 0.011068 0.016667
3 0.366862 0.430469 0.014323 0.017188
1 0.390299 0.430990 0.014323 0.019271
5 0.530436 0.440104 0.018555 0.016667
