3 0.493815 0.607812 0.169922 0.264583
4 0.815430 0.618750 0.168620 0.141667
0 0.807129 0.313281 0.078451 0.106771
5 0.726725 0.424740 0.044596 0.066146
5 0.607585 0.283073 0.053060 0.069271
5 0.502116 0.193750 0.043945 0.047917
7 0.392090 0.283073 0.029622 0.072396
1 0.101074 0.568490 0.087565 0.176563
1 0.328613 0.130990 0.054362 0.049479
1 0.110840 0.213021 0.094076 0.053125
1 0.513346 0.142187 0.076823 0.062500
6 0.605957 0.377865 0.025065 0.058854
2 0.603027 0.428646 0.031576 0.039583
0 0.527832 0.299219 0.042643 0.046354
7 0.658366 0.255469 0.019857 0.041146
7 0.211751 0.376823 0.025065 0.043229
3 0.305990 0.411198 0.039714 0.055729
