2 0.109460 0.667471 0.026981 0.032690
2 0.555499 0.681404 0.029030 0.040193
5 0.289447 0.682476 0.045423 0.045552
4 0.171107 0.598875 0.025956 0.017685
4 0.231387 0.656217 0.031079 0.025188
4 0.221995 0.616559 0.019126 0.018757
0 0.211749 0.556806 0.021175 0.024652
6 0.280055 0.461683 0.010929 0.018757
0 0.309426 0.449357 0.010929 0.017685
1 0.283299 0.490622 0.026298 0.019829
3 0.335895 0.478832 0.010587 0.015541
1 0.362534 0.480975 0.010587 0.019829
8 0.410007 0.371919 0.018101 0.016077
3 0.345970 0.395766 0.011612 0.016613
3 0.389173 0.408360 0.011954 0.013934
7 0.383197 0.507771 0.009563 0.015541
2 0.334870 0.520900 0.012637 0.017149
1 0.356387 0.526795 0.011954 0.015005
3 0.409836 0.546892 0.010929 0.018757
8 0.435622 0.513398 0.018101 0.020364
1 0.491803 0.323687 0.030055 0.022508
3 0.484119 0.403537 0.011270 0.016077
3 0.444501 0.409164 0.015369 0.020900
3 0.540984 0.390675 0.012978 0.021436
5 0.553620 0.542605 0.015710 0.017685
3 0.501878 0.565113 0.019467 0.027331
4 0.507172 0.615488 0.021175 0.020900
8 0.474214 0.597803 0.016735 0.016613
6 0.507684 0.642283 0.017418 0.034834
4 0.347678 0.634512 0.027322 0.022508
6 0.275615 0.539925 0.010929 0.026259
8 0.363730 0.556538 0.017760 0.017685
6 0.422814 0.641479 0.014344 0.039657
