3 0.422643 0.106377 0.027664 0.038049
5 0.557036 0.130761 0.058743 0.063237
7 0.650444 0.148178 0.020833 0.042337
7 0.481216 0.198553 0.021858 0.042337
5 0.643955 0.211147 0.040642 0.045016
3 0.613388 0.256431 0.021175 0.032690
5 0.623975 0.304930 0.034153 0.040729
7 0.544911 0.314309 0.024932 0.049839
7 0.482582 0.352894 0.019126 0.045552
7 0.804986 0.249196 0.022541 0.043944
3 0.680669 0.300375 0.026639 0.035906
5 0.741291 0.288585 0.052254 0.056270
0 0.889857 0.337889 0.074795 0.088424
6 0.736680 0.376474 0.020492 0.051983
0 0.666325 0.383173 0.043033 0.051447
2 0.737193 0.422294 0.018101 0.033226
3 0.478142 0.426849 0.030055 0.042337
2 0.272199 0.356109 0.034153 0.045552
3 0.218750 0.430868 0.027664 0.034298
0 0.224556 0.542872 0.071380 0.084673
0 0.434255 0.557074 0.109631 0.138800
0 0.127561 0.535638 0.030396 0.058414
0 0.806011 0.533226 0.049863 0.056806
7 0.636783 0.533226 0.034495 0.066452
6 0.738730 0.522508 0.018443 0.047160
7 0.975239 0.534298 0.030396 0.071811
8 0.346653 0.453108 0.042350 0.032690
8 0.574624 0.361736 0.028347 0.031083
