5 0.329064 0.516881 0.261954 0.269561
0 0.340164 0.226688 0.045082 0.073955
6 0.264686 0.328778 0.028689 0.070204
2 0.691598 0.608521 0.104508 0.073419
3 0.927254 0.583065 0.145492 0.158628
3 0.592213 0.357449 0.058743 0.080386
4 0.654201 0.174437 0.046790 0.043408
8 0.880977 0.365488 0.102117 0.067524
2 0.020663 0.325295 0.033128 0.072883
0 0.720970 0.363076 0.030738 0.040193
3 0.395321 0.316452 0.017418 0.029475
7 0.403005 0.267149 0.015710 0.036977
3 0.577527 0.455520 0.015710 0.024652
3 0.657275 0.510182 0.037910 0.025723
