1 0.111491 0.178906 0.107096 0.075521
8 0.093424 0.471875 0.069010 0.061458
3 0.260742 0.650000 0.090495 0.122917
3 0.327148 0.414844 0.059245 0.078646
7 0.446452 0.221615 0.040690 0.094271
7 0.611654 0.634375 0.055990 0.130208
0 0.641764 0.226562 0.056966 0.069792
6 0.750326 0.330990 0.030599 0.098437
2 0.735840 0.403906 0.033529 0.047396
6 0.733561 0.548177 0.023112 0.060937
0 0.911621 0.584896 0.079753 0.056250
5 0.935710 0.390885 0.060872 0.093229
5 0.750488 0.191146 0.073242 0.087500
1 0.171387 0.402344 0.061523 0.031771
