1 0.222165 0.325027 0.056352 0.039121
3 0.157445 0.544212 0.066940 0.091640
3 0.288422 0.540461 0.058402 0.086281
8 0.441086 0.547696 0.081626 0.084673
3 0.573600 0.545016 0.060451 0.088960
8 0.720458 0.553055 0.081626 0.083601
0 0.844433 0.538049 0.051571 0.063237
0 0.724727 0.408628 0.045082 0.054126
3 0.843579 0.260718 0.036202 0.043408
7 0.854679 0.177117 0.026981 0.059486
7 0.735656 0.306270 0.012295 0.033762
5 0.674522 0.345927 0.035519 0.039121
0 0.621243 0.415059 0.028005 0.033762
5 0.595458 0.346463 0.025615 0.030547
8 0.556182 0.400054 0.025615 0.027331
7 0.531079 0.363076 0.017760 0.038049
7 0.483607 0.387728 0.017760 0.030547
3 0.480191 0.445874 0.023907 0.030011
2 0.329235 0.393623 0.028689 0.029475
3 0.279542 0.338692 0.021516 0.026795
3 0.351434 0.158628 0.024590 0.027867
3 0.444501 0.144695 0.024932 0.032154
4 0.502049 0.186763 0.046448 0.032690
4 0.606045 0.171490 0.039276 0.024652
3 0.707650 0.202840 0.028689 0.039121
1 0.477971 0.265541 0.039276 0.036977
1 0.540984 0.275991 0.036885 0.016077
1 0.610997 0.267417 0.046448 0.040729
2 0.398395 0.182744 0.031079 0.033226
8 0.385929 0.467310 0.030738 0.034298
