2 0.351605 0.360129 0.042008 0.050375
1 0.413593 0.434084 0.062158 0.053591
1 0.476093 0.531083 0.079918 0.052519
1 0.416667 0.534298 0.036885 0.042872
2 0.769296 0.405681 0.038593 0.053591
3 0.718067 0.241693 0.029030 0.043944
3 0.356728 0.523312 0.031079 0.040193
7 0.479167 0.401125 0.021175 0.045552
7 0.667179 0.526795 0.022883 0.052519
7 0.841872 0.384512 0.022541 0.047696
8 0.598531 0.528403 0.034495 0.037513
6 0.770150 0.527063 0.023907 0.048767
5 0.660007 0.344587 0.044740 0.048232
5 0.551400 0.390407 0.045423 0.053055
4 0.538422 0.530547 0.030396 0.025723
