0 0.358398 0.642708 0.173828 0.293750
1 0.081543 0.225781 0.057617 0.076563
6 0.147298 0.242708 0.020508 0.046875
3 0.486165 0.421094 0.035482 0.044271
1 0.333008 0.257292 0.063802 0.043750
2 0.248047 0.340365 0.047526 0.058854
7 0.225911 0.419531 0.026693 0.042188
7 0.407227 0.396354 0.012370 0.033333
6 0.618164 0.570312 0.039062 0.140625
6 0.793132 0.363021 0.027018 0.066667
1 0.688477 0.131250 0.084635 0.055208
1 0.494954 0.144792 0.068685 0.050000
1 0.572917 0.212240 0.048828 0.043229
7 0.566732 0.294010 0.024740 0.056771
0 0.705892 0.291927 0.042643 0.060937
2 0.790202 0.424219 0.035482 0.035937
5 0.947591 0.409115 0.067708 0.072396
5 0.675293 0.186458 0.039388 0.048958
5 0.791829 0.260677 0.053711 0.063021
7 0.857910 0.223177 0.022461 0.045312
