3 0.449707 0.131510 0.028971 0.046354
2 0.304036 0.375781 0.039714 0.052604
3 0.253255 0.446615 0.027995 0.034896
5 0.311686 0.553385 0.071289 0.080729
8 0.377604 0.469271 0.039062 0.036458
5 0.388184 0.539323 0.030273 0.053646
8 0.536458 0.550781 0.061849 0.064062
3 0.499512 0.440104 0.028971 0.038542
7 0.506022 0.368750 0.022461 0.037500
7 0.565918 0.332292 0.024414 0.050000
7 0.506673 0.221094 0.021810 0.040104
7 0.666667 0.172656 0.018229 0.042188
7 0.813151 0.268490 0.016276 0.043229
7 0.809896 0.334375 0.022786 0.050000
7 0.656413 0.547917 0.031576 0.063542
7 0.976400 0.547135 0.027669 0.065104
6 0.751628 0.395313 0.020182 0.050000
6 0.753906 0.539844 0.017578 0.044271
3 0.814453 0.395313 0.037109 0.056250
0 0.681478 0.398698 0.035482 0.043229
3 0.696289 0.319531 0.023438 0.031771
5 0.643229 0.322396 0.035807 0.043750
5 0.659017 0.238021 0.037435 0.043750
5 0.576335 0.156510 0.059570 0.065104
8 0.595866 0.383333 0.026367 0.030208
5 0.883464 0.428385 0.035156 0.054688
2 0.753418 0.440625 0.023112 0.031250
